182
159
718
822
959
231
340
638
575
163
286
919
663
723
202
105
453
489
605
759
337
738
65
49
403
753
664
13
299
429
499
508
347
982
731
706
805
102
446
678
699
521
789
244
69
510
632
351
581
274
503
4
171
673
656
59
851
626
653
124
730
234
107
726
567
926
22
492
619
965
272
467
388
804
781
551
237
791
560
597
358
953
641
828
56
120
54
596
634
756
276
430
35
103
221
496
438
913
806
911
332
993
920
707
313
5
145
110
294
43
220
995
583
455
890
296
735
196
396
408
672
363
34
399
654
682
1
203
821
784
317
480
914
319
229
979
104
879
123
877
554
743
386
874
312
537
527
132
579
477
531
243
892
970
384
98
255
717
883
897
490
772
334
938
973
402
842
910
986
349
863
57
681
330
454
978
794
652
342
18
688
192
713
267
939
21
546
68
946
278
391
241
786
219
617
417
168
640
900
637
908
74
419
618
771
971
161
118
507
133
409
26
87
889
880
382
719
895
602
410
643
113
807
506
704
235
876
848
915
283
613
425
66
666
210
185
52
740
156
440
206
433
38
427
293
811
968
734
818
774
649
760
944
918
369
273
742
204
929
622
553
928
456
999
478
36
951
504
676
323
88
73
533
882
217
935
798
765
788
981
866
100
625
458
580
331
450
686
126
497
509
722
285
778
836
627
397
160
834
557
710
89
360
469
585
604
485
776
599
226
967
769
558
379
972
767
855
937
493
465
137
357
413
762
262
709
17
336
375
651
898
92
40
744
511
169
568
635
868
711
101
964
174
70
826
590
795
754
462
122
475
761
820
886
550
41
837
90
766
377
112
95
148
933
200
304
374
381
670
197
598
790
885
872
700
172
476
574
727
316
343
906
143
522
703
97
30
424
665
389
9
420
588
611
563
144
466
359
395
449
463
125
591
91
33
28
620
856
751
186
451
932
943
586
151
957
23
365
552
587
860
779
582
896
211
708
117
829
629
624
819
869
24
488
696
658
864
80
963
352
479
729
530
356
716
487
936
942
483
905
130
385
952
270
690
562
392
694
547
154
831
149
355
180
662
975
878
592
157
190
10
372
140
930
684
523
660
412
644
181
333
601
854
146
153
473
871
311
282
540
532
570
614
833
840
418
566
307
194
213
639
32
253
390
491
248
327
64
15
279
205
857
894
859
266
687
114
529
525
55
799
677
31
245
839
648
749
712
324
549
630
961
129
246
142
109
238
720
257
134
82
60
810
689
793
803
242
193
528
976
502
542
813
222
536
373
468
589
571
27
170
305
387
545
962
984
827
615
912
44
693
227
201
301
361
366
949
572
633
131
256
421
281
247
569
606
75
46
526
516
341
78
565
486
909
264
300
215
998
990
646
61
934
83
207
715
841
966
8
887
426
650
916
539
519
556
263
378
941
875
561
697
862
593
150
736
471
893
111
728
495
362
817
191
770
252
441
428
141
434
108
645
175
745
564
482
45
945
93
422
861
77
280
239
655
265
268
974
518
71
902
960
295
344
631
240
277
368
198
573
258
792
364
139
555
724
260
189
607
773
931
436
162
115
58
758
764
705
224
398
534
348
166
647
702
288
940
865
801
674
2
84
447
782
472
184
683
195
173
297
444
544
164
322
225
309
326
947
922
81
158
452
72
578
310
925
997
308
888
987
830
755
249
86
659
370
852
474
20
623
290
380
448
498
669
752
853
494
406
667
400
325
29
209
50
846
212
739
921
116
725
291
25
269
39
698
459
838
176
19
460
923
577
183
135
777
849
85
51
695
802
505
303
800
950
236
850
223
657
188
232
432
907
721
500
16
287
7
891
443
218
437
1000
464
989
714
814
79
956
128
612
442
216
594
414
775
977
42
461
62
271
393
411
501
394
917
47
636
423
401
994
14
884
339
983
329
616
783
435
747
584
757
867
11
603
924
535
96
538
354
76
763
208
661
969
733
346
541
992
832
680
954
415
927
787
609
94
996
404
6
292
691
439
816
679
847
335
576
254
320
520
824
328
167
228
809
600
152
306
514
275
701
621
610
407
457
48
796
12
825
548
958
748
980
812
405
815
53
302
37
67
901
785
746
376
199
298
845
179
524
371
732
675
233
138
155
121
512
127
768
338
284
904
513
870
321
559
808
985
481
214
187
416
741
873
3
177
903
353
345
515
843
119
367
136
899
261
948
737
99
797
988
106
484
685
595
314
315
642
750
289
844
431
780
165
251
350
881
671
628
63
668
178
230
608
318
991
692
517
543
259
823
250
147
383
835
955
445
858
470
