69376
170640
16814
11350
54154
24788
122867
53538
171162
18292
119133
180934
93529
187359
44330
196095
22364
142879
63536
183365
192579
90211
28157
188705
189297
53233
78237
112664
100644
63288
53682
41150
54794
31445
78300
190478
33537
27860
135487
50114
136593
141514
55527
182037
170101
101626
134835
2884
151180
71060
160227
181718
105755
150616
123934
53122
44691
120575
55143
190370
181269
64551
199620
60627
125867
28437
21640
10942
152617
97120
153365
80405
61560
141449
49382
9477
70314
6237
53013
39856
15635
8693
164933
122184
111107
15875
198954
134188
190455
117033
155312
156876
87276
141487
55131
184706
83991
67308
127351
152098
5079
182288
115143
168576
162976
68119
45116
180284
118017
39807
27230
78228
81311
36089
55174
85341
169175
68625
184508
62867
97836
169254
123518
34833
113651
71381
119441
182616
162548
74101
134015
91201
71163
192180
53832
111139
148912
119101
144006
191062
135533
64352
102619
129400
56462
72420
125834
109376
115337
175330
114760
17027
135230
96275
69379
138564
127358
51964
171452
47669
196247
26320
58938
138887
136840
8596
192021
143995
50756
111294
51602
59131
116750
124722
107934
10895
57736
51134
109946
41326
149175
108645
4424
79916
81217
93988
56149
191244
57597
691
94600
52018
78278
175614
170347
37727
105308
174644
116299
42007
175539
89830
154866
93897
110887
94578
6894
1105
106981
171494
60098
180296
21195
127382
184309
138466
109547
72638
71985
140729
54211
128629
170847
114195
55978
65031
53165
147104
96600
137875
44251
19162
183046
36379
98668
37844
142265
171361
166335
113736
196206
149477
15337
45172
180524
170860
63169
113521
93778
28655
81439
100544
18033
131713
33568
149049
125535
64972
122381
26713
917
149622
84642
29297
37410
142269
190746
86023
51575
47392
121083
14910
156915
183773
107483
99965
18319
43937
21012
173616
11869
113768
84882
69898
98306
90126
156944
132365
131021
42225
31821
19662
137344
190853
152637
37559
55142
18917
192630
54052
187588
2777
107354
151224
56610
98182
182480
104076
42424
156094
124237
47151
175907
176814
173257
161669
134665
91719
133661
91376
78162
105086
107874
29065
36267
106571
99765
117377
60239
35925
187948
115144
12728
171099
167187
145304
99637
35293
131312
110666
118021
63794
59176
84930
30050
182006
131158
84447
35525
1586
176526
47851
49255
73761
149388
68625
120030
175523
154380
46516
3677
45529
1258
38949
124942
101975
23314
49274
48662
113019
131088
56016
58592
129766
18992
165304
179569
139293
48498
101662
138194
71496
7750
154035
61151
183319
58774
72400
37608
177232
7388
26066
70212
86671
31937
99362
104826
195673
105914
163880
34459
129806
177943
171369
261
120929
151035
163329
152246
121749
175357
195512
79564
50320
133107
49979
14212
98847
24526
1048
196536
188497
167384
87942
157863
51867
77707
42621
133402
68718
23489
34798
192276
160782
82742
89275
3401
153623
162537
99850
74760
82284
57670
192740
83633
181891
155303
72596
137768
74169
121849
86765
113935
150010
102739
142915
131908
115619
195295
152826
98837
28569
134879
148272
132463
2742
15337
60882
49816
77487
165323
58046
94143
163471
6968
97437
64345
135492
111016
110248
115453
153999
166441
131841
193232
138752
189478
19469
142004
83657
180884
88889
113408
165
160296
110405
43597
35505
4693
98991
111389
74555
196312
61111
199664
184832
27581
83
193328
14484
107518
23981
71835
139962
194156
175395
28163
28603
89036
80695
145238
15741
39605
150670
140743
189131
3262
186145
184199
118717
89389
163183
36612
9625
189839
118346
128305
93977
93822
68733
181381
31558
150569
71225
31248
177142
5167
9555
112260
183640
91143
68033
10549
53983
54070
92277
169920
140329
160955
176497
105157
175735
29756
64720
32118
16374
163498
61582
192876
46976
11709
73063
65883
27971
99033
126586
42902
166540
161507
63758
91250
135729
119223
149999
48087
24565
90518
134647
132478
138312
123485
78189
174822
140541
173604
33209
183263
111821
149684
169144
108811
162131
78494
167962
52021
95988
178858
120189
175349
89860
48173
20101
85040
164478
95358
172923
155658
10629
56343
176402
74629
168767
3983
9424
92122
64721
27359
167963
196530
113749
119574
123746
161619
58970
196441
121088
188770
155648
70521
138957
74137
54762
140216
63902
129276
157597
20529
6613
24217
178769
42186
188821
27347
142881
3656
77718
101697
107532
42573
52215
145745
191345
141868
66776
174665
123601
68741
38160
80071
134030
134528
171360
41125
68008
62242
176753
80823
34125
195605
136205
62609
80714
133165
191715
170473
64293
175061
114321
106297
15265
104836
147246
128507
169901
44311
67699
57534
161345
116301
159392
132824
22217
54482
40164
85456
97664
123898
169865
139892
26282
194855
80419
53358
29332
18357
71238
136973
159573
135280
40523
101561
177056
144216
176834
171759
127052
65630
22866
14710
102926
103281
164097
146169
87952
95388
115577
89166
93953
164637
19073
130179
106931
47923
74143
120256
15993
106546
138775
191308
132246
37649
176864
4763
57544
39062
89209
145732
129799
2350
81800
15355
187686
142496
2228
29062
78212
24552
71984
78871
43538
197853
147781
163389
130236
117078
182805
112308
70952
40217
73928
100227
95481
188848
138168
116474
179275
66789
124518
42059
78280
59046
141913
125096
182236
123177
141344
169614
92528
131222
84985
160
79514
67163
145027
170966
132601
184692
168448
182322
55340
196719
138409
69111
33652
184777
99757
21857
80515
147950
41507
124711
2180
109630
16651
149637
99720
90151
162729
1032
155006
187359
82231
186534
28744
130307
161326
106478
17714
32349
46440
111125
17332
103145
73089
111724
109652
15090
43973
118322
46440
101454
61894
181206
142258
139718
37115
124635
89631
136943
100393
50856
93234
87536
168597
2244
117707
23710
194440
143404
136929
179746
67654
34487
55911
83564
115911
37020
165864
142894
19558
168497
102793
160861
105240
130204
114499
26855
66831
153668
184451
157360
34707
9902
142112
75742
130311
92492
76749
162888
16328
31761
136806
127991
18582
12016
14022
140347
186876
148577
164668
51453
160932
25414
136322
91991
46992
51815
50240
23717
82675
1200
179124
58427
112865
966
10864
119034
10621
73710
137841
87529
14215
149605
47162
163957
7735
136156
117891
30075
60940
108024
97120
12328
176500
74292
13227
10301
99220
169367
128418
98294
147282
156479
116018
199034
42337
26349
71011
77644
58784
42091
26693
188037
15683
128499
186773
128627
4409
169565
55705
65727
53508
85357
17990
6718
147745
79557
99162
46874
127712
68229
91017
133944
61028
138606
2063
152770
20733
132978
78495
87170
164581
172372
174997
24365
74497
108957
182716
161098
174335
