322
811
76
1185
171
997
1127
503
1462
881
796
1133
1490
1151
1415
519
680
1158
1
984
936
379
1006
394
524
1115
74
489
1027
272
544
87
1029
241
978
184
471
579
901
968
1144
708
68
427
798
1114
1377
565
446
687
819
651
1077
611
927
610
595
818
435
952
483
1176
128
364
235
145
367
879
807
870
1500
553
140
703
1475
410
298
1495
1171
1101
766
981
425
1130
995
1242
679
1022
55
534
515
448
439
655
1358
1497
562
1436
1392
1194
555
218
586
232
607
801
654
144
1261
239
242
1277
976
85
578
1359
158
125
826
1003
1243
915
169
432
1048
159
748
865
1298
593
785
614
1034
842
638
142
457
94
1164
502
391
1355
1190
1139
189
119
106
96
358
1268
529
1196
1481
227
107
1036
154
696
923
1319
147
775
1341
237
537
472
702
1060
416
1126
153
921
276
572
286
1166
1012
926
1088
726
318
1052
982
1016
456
877
1281
663
869
290
827
1118
882
308
1381
233
523
1208
49
261
832
1429
118
1084
196
72
1367
188
1253
135
945
1433
220
661
1249
720
431
620
111
199
325
1181
1320
1049
969
695
436
240
1410
1187
1266
1434
1143
42
452
339
949
1258
126
166
372
1439
162
1141
918
783
1098
989
950
1179
1299
415
1250
1262
1095
973
1389
1057
908
956
161
1270
1363
851
382
390
3
495
422
814
1201
854
1480
1435
706
1483
1175
1110
247
396
1404
27
1160
894
924
656
522
1032
1485
33
1082
411
1074
253
628
961
689
732
465
1297
1469
1229
31
1055
758
160
69
837
206
939
1457
251
590
129
843
350
538
876
1189
355
101
1273
1214
907
1376
481
476
297
571
552
557
366
257
1456
632
867
1031
11
772
1191
278
507
475
531
1386
67
1030
100
130
354
773
1203
404
444
1284
713
1371
583
1072
510
891
919
163
1285
1155
769
662
1339
958
1020
506
1343
306
902
821
736
912
594
249
1119
666
1065
934
1406
453
1184
1310
1492
1159
222
185
1047
686
1125
540
802
1165
648
545
1018
1474
1322
146
54
793
150
1454
1290
514
137
599
532
685
450
1323
260
900
267
752
1289
781
1156
1129
860
1026
433
102
1192
39
177
353
256
1015
424
175
568
658
1199
244
1053
174
1146
43
21
1102
445
790
1489
1150
880
258
1448
9
1326
469
1021
266
1443
677
566
71
631
1135
966
139
694
602
1251
883
1145
91
1050
1202
1254
1303
215
1046
613
440
1283
601
674
491
117
479
782
1387
400
186
361
24
777
294
743
34
459
131
1430
998
1236
1423
1248
405
660
771
873
1274
165
533
1272
1174
2
497
874
747
1328
834
265
1223
513
1417
493
948
1286
986
319
573
1388
871
375
795
451
1465
1056
1215
964
194
1368
1225
1352
1005
1043
13
1140
1014
1460
959
635
570
1209
429
337
698
378
95
80
365
1169
554
1280
1351
699
1142
1232
684
609
376
1356
1383
225
328
1028
1347
889
123
1086
458
213
1246
1234
1476
219
179
234
645
341
1024
1039
546
32
414
1414
122
195
164
1344
214
1413
120
928
1345
98
1193
551
764
1085
778
652
1093
547
344
896
977
115
47
1131
488
762
1019
340
97
946
393
999
200
528
498
230
1220
914
845
710
608
675
40
596
738
824
1375
1307
1009
1011
1244
653
428
1336
1066
604
381
990
1395
1152
1002
988
1054
1259
1402
18
1279
311
963
1200
1365
426
1038
1411
73
1477
1447
670
1378
283
1468
527
299
327
858
588
333
368
574
226
1442
556
729
575
413
1210
370
1333
92
676
913
836
1393
170
861
268
587
705
1163
892
1112
287
1305
1186
1033
421
1317
245
1470
112
406
530
650
1496
1154
207
99
248
548
1213
618
1479
1017
1063
86
103
346
634
449
916
1153
749
359
994
454
356
737
1407
669
920
1294
1097
373
224
138
197
377
10
270
183
496
1271
292
53
127
48
1128
812
511
41
1353
1337
12
38
1238
1293
1069
1487
1113
1482
799
1373
1067
65
193
409
763
1059
1216
759
250
1330
864
1138
374
931
1360
264
466
1493
77
955
516
8
419
975
430
617
104
455
1361
898
22
993
281
464
1180
1245
371
693
1399
1409
401
1384
302
954
776
526
929
917
23
1278
1121
944
70
1157
442
564
1400
269
715
203
525
1148
52
191
625
1327
1211
560
809
148
1237
133
121
262
60
788
315
1264
1092
293
275
1357
397
399
238
591
1255
1464
1308
500
1499
1090
704
447
855
17
671
342
518
692
363
1403
1316
709
44
285
746
1332
731
840
1338
209
791
805
490
657
1438
909
387
779
899
1104
672
1070
852
1224
303
1422
198
1096
192
1149
1301
1106
1107
1256
1045
1073
1233
288
1419
1001
51
246
64
1075
741
348
201
717
1007
849
517
1398
935
1421
967
1235
905
922
402
605
113
279
1420
589
890
357
1025
1167
291
273
1103
561
1494
1083
797
1291
28
369
307
1004
971
535
980
951
1458
1079
844
831
621
504
1282
1288
229
1428
1425
1013
1094
723
1324
1362
1340
309
330
1321
338
499
1010
751
395
979
633
947
408
810
37
885
26
888
808
211
329
754
352
1219
331
1117
558
105
787
1207
403
584
1459
567
1478
1076
878
1276
678
1042
942
1137
1206
280
1239
581
110
835
1318
15
563
884
616
84
1300
1397
187
173
1369
1087
681
933
830
343
1302
577
1312
78
88
114
326
972
57
1188
1182
1068
1100
255
477
1023
701
750
576
1078
1473
1455
6
549
863
941
813
1147
543
351
1227
823
1162
392
19
1390
539
520
1374
231
550
509
822
274
151
691
124
688
991
4
484
1385
1335
463
1226
745
774
437
389
937
727
508
81
56
1309
606
14
649
63
336
828
541
760
930
906
252
673
768
1040
627
1287
312
866
295
647
461
868
624
1440
1120
1205
1044
316
1217
473
1452
1441
1037
711
585
462
1467
875
61
1247
1424
289
1136
1260
190
505
700
659
683
58
1329
1315
1064
1222
157
728
143
992
334
1416
212
721
271
134
480
1170
1484
1295
1218
1061
1105
141
559
478
862
1058
90
20
82
910
761
1396
155
35
718
953
282
742
643
304
626
724
443
1461
960
1331
296
1051
722
418
210
841
349
1314
1463
733
1198
1091
1449
542
734
1394
770
784
1311
89
925
642
1437
569
725
839
305
816
1134
603
223
536
893
388
108
1491
644
1408
1488
321
254
30
630
794
1161
815
216
965
903
521
434
323
83
957
332
646
1453
93
1432
1466
1204
872
1172
1035
1405
598
1426
838
1349
740
817
1296
412
1089
345
580
1071
1212
592
1304
1173
1080
205
1269
850
853
1241
1412
690
1123
407
202
846
178
277
707
7
16
314
494
468
833
1081
485
236
300
1380
848
1275
423
619
1168
765
962
667
362
1451
636
697
208
136
176
1445
45
1325
380
767
310
50
786
1257
313
623
996
1498
1099
1265
156
417
1379
360
335
1472
441
756
1267
1391
324
970
940
29
1109
474
716
182
36
284
204
149
1471
1000
1178
1231
806
317
62
420
825
1346
1041
600
612
5
719
1382
385
911
789
347
460
1230
682
1197
712
221
1431
803
943
1124
383
152
641
1252
66
172
847
859
804
263
243
1486
987
780
1132
1450
79
181
1111
384
886
467
1372
739
974
438
1444
640
668
895
1401
755
622
597
1108
1221
1334
1306
856
1116
228
938
983
639
714
757
301
25
1228
753
386
1366
116
180
1008
501
1183
1292
320
829
59
259
664
735
904
1122
897
492
857
887
1348
470
1342
1364
615
512
132
1263
582
665
1370
1177
1350
482
486
1418
487
109
792
1240
1354
46
217
398
637
1195
800
820
167
932
629
1446
730
1313
1427
1062
985
168
75
744
